# lo lo_stat lo_scaleup lo_scaledown nlo nlo_stat nlo_scaleup nlo_scaledown
0.0140525924312 1.2715325809e-05 0.000312471827332 0.000371738289351 0.0137553297237 8.83907277519e-06 0.000245796323473 0.000262973764446
0.0379275258773 2.08894268428e-05 0.000819677512587 0.000997485121991 0.0370967591532 1.45162934056e-05 0.00066128064033 0.000713038662915
0.052221499829 2.45117285155e-05 0.00112215724158 0.00137887029674 0.0509922175347 1.70191465626e-05 0.000913331416875 0.000982865942
0.0571838574854 2.56499186275e-05 0.00124141244426 0.00153339430077 0.0557188737679 1.77901333603e-05 0.00100067608905 0.00107105152619
0.0562732117584 2.54448631189e-05 0.00124127994953 0.00153750594023 0.0547206413467 1.76301183802e-05 0.00097170313917 0.0010371041621
0.0529658362195 2.4685798749e-05 0.0011839801342 0.00146902194384 0.0513864551343 1.70847840433e-05 0.000899514119603 0.000960096542397
0.0491680926259 2.37843314263e-05 0.00110683794598 0.00137479052075 0.0476108414393 1.64453390598e-05 0.00080316518332 0.000854707511986
0.0456533567845 2.29184702023e-05 0.00102115739166 0.00126982061999 0.0440211505348 1.58132089085e-05 0.00071577660122 0.000753524557149
0.0422242089857 2.2040935753e-05 0.00093007563869 0.00115829185337 0.040747576826 1.52138642025e-05 0.000623956461942 0.000677597290195
0.0392416515158 2.12482371971e-05 0.000842568840194 0.00105054981738 0.0376534651075 1.46248147492e-05 0.000546449954685 0.000596953376546
0.0364050849951 2.04658738158e-05 0.000754670202753 0.00094232963424 0.0348846992541 1.4076821855e-05 0.000468326619298 0.000518274738551
0.0337794339194 1.9714031725e-05 0.000668285648754 0.000836627799566 0.0323223328676 1.35499482119e-05 0.000402695974455 0.000449923445118
0.0313185964891 1.8982369074e-05 0.000583641956444 0.000732706949068 0.0299505283931 1.3043304352e-05 0.000344974290743 0.00038645940455
0.0290302237392 1.82757184549e-05 0.000503754645365 0.000635298294066 0.0277627304009 1.25578561183e-05 0.0002993528716 0.000334697491663
0.0269113242875 1.75961154293e-05 0.000425713469329 0.000539807760822 0.025784098335 1.21020619427e-05 0.000248448898867 0.000277855218259
0.0248975604094 1.69249605409e-05 0.000348758685636 0.000446387865787 0.0240021575649 1.16763600396e-05 0.000205976112248 0.000229467566771
0.0230549726164 1.62866428492e-05 0.00027263335399 0.000353759504033 0.0223347720776 1.12634634439e-05 0.000162386557572 0.000181930198728
0.0212653668015 1.56417631889e-05 0.000198044730008 0.000263598578845 0.020839554757 1.08798830553e-05 0.000125442969764 0.000139098071739
0.0195948640133 1.50148291342e-05 0.000126003097376 0.000176597862846 0.0194353011564 1.05068944936e-05 8.3103361234e-05 8.8925056849e-05
0.0180417499599 1.44074989722e-05 5.47442185105e-05 9.02040221663e-05 0.018139513299 1.015056457e-05 5.8156688575e-05 9.42901043441e-05
0.0166548647057 1.38426686059e-05 1.37896014195e-05 1.89233014011e-05 0.0169836902788 9.82182149949e-06 7.97398817138e-05 9.38692181619e-05
0.015391120844 1.3307129751e-05 5.95227653011e-05 6.56127768964e-05 0.0158848901551 9.49875382288e-06 0.00010980054125 9.35039742807e-05
0.014278050595 1.28169215395e-05 0.000109834523603 0.000109972254448 0.014894745071 9.19791873967e-06 0.00013943093118 9.13875363248e-05
0.0132756384711 1.23588191158e-05 0.000157884549718 0.000149085343866 0.0139669525168 8.90681418928e-06 0.000160313376259 0.000113444527462
0.0123657405896 1.19277721172e-05 0.000197901516313 0.000181122586188 0.0131121221555 8.62991734471e-06 0.000186546024539 0.000138705455698
0.0115430760108 1.15241803221e-05 0.000231516844634 0.000207805735942 0.012289496506 8.35479636243e-06 0.000202429106309 0.000156700194398
0.0108102909571 1.11523902735e-05 0.000256764480731 0.00022777966165 0.0115427085349 8.09696699218e-06 0.000215366137447 0.000173290777762
0.0101071435964 1.07835929327e-05 0.000281144094118 0.000246554293101 0.0108586659403 7.85338401432e-06 0.000235134244355 0.000193738029156
0.009477768319 1.04424477668e-05 0.000297477794605 0.000258914538383 0.0101761799204 7.60258175031e-06 0.000247986286354 0.00020838952419
0.00890976239487 1.01247038457e-05 0.00031361645037 0.000270566425645 0.00953567905914 7.35943787292e-06 0.000254868151973 0.000219870565466
0.00837352264701 9.81529522966e-06 0.000323175388277 0.00027729407135 0.00893825388006 7.12517115929e-06 0.000266186929818 0.000233461045008
0.00784531360942 9.50067412258e-06 0.000330476358877 0.00028163700683 0.00840528318962 6.90947838617e-06 0.000275182181161 0.000244404226546
0.00738905881537 9.22027404147e-06 0.000334223973985 0.000283782988892 0.00790197814899 6.69941895658e-06 0.000281452033654 0.000252157828775
0.00696421353281 8.95128339165e-06 0.000338875651381 0.000286437213149 0.00740933979233 6.48722759623e-06 0.000273189779819 0.000249574047012
0.00654960798111 8.6807434388e-06 0.000339548523851 0.000285665107847 0.0069916238149 6.3017120154e-06 0.000277092310099 0.000253522768727
0.00617848101693 8.43121425494e-06 0.000340242739186 0.000284853256599 0.00659184467877 6.11889733717e-06 0.000266386170048 0.000247464255754
0.00582789104103 8.18851180044e-06 0.000339476436403 0.000282980359863 0.00625557718275 5.96078593776e-06 0.000264482030581 0.000247321726492
0.00550984960286 7.96194438546e-06 0.000336418759589 0.000279474190428 0.00587166175712 5.77498070662e-06 0.000254121770568 0.000239542972569
0.00519738824274 7.73289026478e-06 0.000333108643273 0.000275650789578 0.00556504855129 5.62217905097e-06 0.0002500053876 0.000236044053156
0.00491825778182 7.52237381485e-06 0.000329599455435 0.000271660994069 0.00526620532048 5.4691429268e-06 0.000243648749232 0.000229166597017
0.0046389087199 7.30562171893e-06 0.000323804125045 0.000266124378787 0.00496935571137 5.31276527493e-06 0.000238228884631 0.000216641042774
0.00438229416153 7.10068146219e-06 0.00031732242153 0.000259928689675 0.00470587496534 5.17000522862e-06 0.000235681186056 0.000213515920376
0.00414002673168 6.90161676681e-06 0.000311417838362 0.000254110678369 0.00446365943435 5.03519768021e-06 0.000223819235621 0.000203704145024
0.00394007585247 6.73289061497e-06 0.000307584638251 0.000250106581509 0.00423340558048 4.90361268163e-06 0.000215960941321 0.000197142895741
0.00373536177262 6.55564763725e-06 0.000301733885021 0.000244663194895 0.0040254278789 4.78164646764e-06 0.000219655439248 0.000190859293126
0.00352414718948 6.36760751875e-06 0.000292701845514 0.00023675759407 0.00380630064088 4.64968180726e-06 0.000202041071631 0.000181252437967
0.00334401996899 6.20274173243e-06 0.000285312116339 0.000230121689875 0.00362351257424 4.53666584928e-06 0.000191284118676 0.000174664445773
0.00317726192519 6.04610627448e-06 0.000280659016751 0.000225599068537 0.00343410156845 4.41650478511e-06 0.000191417579444 0.000167154913464
0.00301690083685 5.89155294948e-06 0.000274450183499 0.000219930192314 0.00325172728554 4.29763377503e-06 0.000186359267596 0.00016037862425
0.00286130294914 5.73761216511e-06 0.000266365205424 0.00021296701477 0.00310072177627 4.19666077317e-06 0.000182108750787 0.000156733361928
0.00270853536907 5.58234306903e-06 0.000257391613857 0.00020536663636 0.0029561902972 4.09768630731e-06 0.000175602986743 0.000152429575644
0.00257187523079 5.43969081146e-06 0.000250326733104 0.000199286611165 0.00280008747097 3.98802864915e-06 0.000167298869981 0.000145432918215
0.00245218543297 5.31160684072e-06 0.000245361796965 0.000194686103304 0.00266213156461 3.88854504685e-06 0.000162533117255 0.000141288398112
0.0023301715614 5.17777550061e-06 0.000239312326067 0.000189439778563 0.00255255281613 3.80767307151e-06 0.000158246409397 0.00013862736275
0.00221179336955 5.04453968975e-06 0.000231771072726 0.000183119017864 0.0024149602216 3.7036261587e-06 0.000149240521152 0.000131297538724
0.00210355136071 4.91955508277e-06 0.000225242841847 0.000177472548501 0.00230238808369 3.61627373721e-06 0.000151322239356 0.000130894463842
0.00199667848443 4.79295483448e-06 0.000218978088552 0.000172100481288 0.00219018513517 3.52705566966e-06 0.000133912406103 0.000119514596259
0.00191115947383 4.68918893218e-06 0.000212933035145 0.000167059390223 0.00209902097989 3.45286959107e-06 0.000132533645609 0.000118540669511
0.00181425020083 4.56875487136e-06 0.00020625036874 0.000161519786862 0.00200557346016 3.37513341865e-06 0.000132927598715 0.000117210912712
0.00172735055237 4.45799430198e-06 0.000199794302207 0.000156198454724 0.00191303475294 3.29634720571e-06 0.000123674292014 0.000111201490215
0.0016467328062 4.35272105547e-06 0.000194081188867 0.000151370508647 0.00182480725537 3.21943665685e-06 0.000116874437998 0.000105911905996
0.0015687497773 4.24840690501e-06 0.000188412275441 0.000146653596486 0.00173523367602 3.13942583511e-06 0.000108978804162 0.000100065837936
0.00150099497394 4.15564926778e-06 0.000183216215716 0.00014243212168 0.00166385322202 3.0741753687e-06 0.00011003948163 0.000100248095882
0.00142524397626 4.04942979987e-06 0.000176592112154 0.000136999003067 0.00159477898266 3.00968667554e-06 0.000103916607471 9.56288775421e-05
0.00136300021905 3.9600186408e-06 0.000171115920959 0.00013259905928 0.00152097918388 2.93922328753e-06 9.80644287556e-05 9.12506375574e-05
0.00131007576745 3.88237493278e-06 0.000167743731163 0.000129639002712 0.00145425123723 2.87402552792e-06 9.49087588258e-05 8.83833501127e-05
0.00124212537372 3.78034977166e-06 0.000159666140774 0.000123400037405 0.00139744049251 2.81732873481e-06 8.91044976038e-05 8.40340689991e-05
0.0011892584487 3.699026053e-06 0.000156555441227 0.000120608132384 0.00134335630573 2.76227214642e-06 9.57755476664e-05 8.72750455049e-05
0.00114068300639 3.62269484613e-06 0.000151477945196 0.000116630494048 0.00128673320668 2.70342983471e-06 8.64775083167e-05 8.06309230977e-05
0.00108981800627 3.54100269284e-06 0.000147262931066 0.00011311404976 0.00123271723888 2.64607764453e-06 8.31761253534e-05 7.8379357827e-05
0.00104208245199 3.46258392751e-06 0.000143010984336 0.00010966844334 0.00117426526757 2.58258104717e-06 8.16906355924e-05 7.62852078202e-05
0.000998569348525 3.38952142174e-06 0.000137865034552 0.000105652596277 0.00112786039418 2.53103720072e-06 7.51389956875e-05 7.17093805257e-05
0.000958013111158 3.31997637934e-06 0.000133702869964 0.000102301206349 0.0010849202672 2.48238861036e-06 7.46032095476e-05 7.10218251083e-05
0.00091580010835 3.24600820102e-06 0.000129453080086 9.89507269303e-05 0.0010434682757 2.43450397093e-06 7.11437453133e-05 6.77890936634e-05
0.000873356999231 3.16989713983e-06 0.000124811458624 9.52350379954e-05 0.000999670480297 2.38286424185e-06 6.67990483105e-05 6.47258525186e-05
0.000837103749885 3.10340825596e-06 0.000120698862306 9.20255109003e-05 0.000960660850318 2.33590897975e-06 6.78409005564e-05 6.47084153743e-05
0.000806085419121 3.04536814185e-06 0.00011781669389 8.96616472908e-05 0.000923150716088 2.28985076509e-06 6.38790371683e-05 6.16500562992e-05
0.000772938604978 2.9820970076e-06 0.000113977319746 8.66050157008e-05 0.00088711167775 2.24470888509e-06 6.0353430826e-05 5.87360762473e-05
0.000743036289825 2.92384455653e-06 0.00011047250583 8.38855470727e-05 0.000846028877191 2.192115714e-06 5.89772702037e-05 5.68753483133e-05
0.000713156985302 2.86445390316e-06 0.000107546058645 8.15044360681e-05 0.000813823776814 2.14998817933e-06 5.61593942616e-05 5.49405858162e-05
0.000686832823289 2.81109024622e-06 0.000104451876996 7.91192138124e-05 0.000781612997683 2.1070108663e-06 5.35038834139e-05 5.27357687303e-05
0.000655365785219 2.74594067116e-06 0.000100150180008 7.57775330054e-05 0.000754025664493 2.0694929723e-06 5.39117581345e-05 5.22756366126e-05
0.000635139440455 2.70323504163e-06 9.82516459541e-05 7.42210372246e-05 0.000724467403043 2.0285247945e-06 5.179724109e-05 5.04860922376e-05
0.00060643367812 2.64144105292e-06 9.4211129732e-05 7.11431613849e-05 0.000700810570777 1.99513010185e-06 4.95154567953e-05 4.86118947435e-05
0.000582226494171 2.58818460427e-06 9.12308135563e-05 6.88570431508e-05 0.000667804603905 1.947581358e-06 4.53884258874e-05 4.54875957239e-05
0.000566372169323 2.55270259438e-06 8.95052665359e-05 6.74286021441e-05 0.000644073932645 1.91266437926e-06 4.55991802417e-05 4.52705093383e-05
0.000535537923608 2.482243503e-06 8.56800887255e-05 6.44322785756e-05 0.000627676028795 1.88815952417e-06 4.70627371528e-05 4.57248028783e-05
0.000516669206082 2.43812269148e-06 8.36308678005e-05 6.27680289347e-05 0.000603826081265 1.85193974047e-06 4.41431689295e-05 4.33797946616e-05
0.000495533941388 2.38773414954e-06 8.07966155249e-05 6.05906052731e-05 0.000577175937614 1.81061049131e-06 4.29346174038e-05 4.21882263427e-05
0.000483510886623 2.35858969084e-06 7.87332627288e-05 5.90454546922e-05 0.000557784721373 1.77993538318e-06 3.86176403423e-05 3.93536365705e-05
0.000463756259798 2.30990521759e-06 7.59447099673e-05 5.69304257862e-05 0.000534656123344 1.74264212834e-06 3.95470517169e-05 3.92551064323e-05
0.000450651705369 2.27703537088e-06 7.46070840384e-05 5.58308290865e-05 0.000516622405906 1.71300078148e-06 3.71030332277e-05 3.73144745715e-05
0.000429735041672 2.22356409033e-06 7.15920438831e-05 5.35638558265e-05 0.000494465073161 1.67586395621e-06 3.56334381875e-05 3.60677567314e-05
0.000413570073303 2.18134229355e-06 6.93499650128e-05 5.18413205686e-05 0.00048144671712 1.65365561586e-06 3.68166797889e-05 3.63430265708e-05
0.000399798210571 2.14471549978e-06 6.7253750622e-05 5.02423540918e-05 0.000467394617328 1.62934410725e-06 3.65665232425e-05 3.60180761555e-05
0.000387027310294 2.11018277342e-06 6.57409290968e-05 4.90533030371e-05 0.000441056870039 1.58277167001e-06 2.98097231811e-05 3.10583202815e-05
0.000367744401407 2.05694321397e-06 6.2536000274e-05 4.66482245688e-05 0.000425811988787 1.55517735e-06 3.05362881946e-05 3.13434223904e-05
0.000357780798128 2.02888663695e-06 6.16184121769e-05 4.58714944399e-05 0.000418547382724 1.54185416777e-06 3.14328657586e-05 3.17807608688e-05
0.000345493121104 1.9937420555e-06 5.98926025579e-05 4.456845528e-05 0.00040423968661 1.51527153751e-06 3.01787526852e-05 3.06165373267e-05
0.000335092315833 1.96350269597e-06 5.83712280427e-05 4.33978428976e-05 0.00038889824706 1.48624016278e-06 2.89567494726e-05 2.95703044941e-05
0.000322010772036 1.92479493651e-06 5.62842225413e-05 4.17779185629e-05 0.000370739571367 1.45112720268e-06 2.74333380296e-05 2.80277742601e-05
0.00031211620065 1.89499218506e-06 5.4832844055e-05 4.07201831995e-05 0.000358845837741 1.42766060742e-06 2.81275725964e-05 2.8060046063e-05
0.000297677029616 1.85063993316e-06 5.26974589578e-05 3.90896852021e-05 0.000350047654954 1.41005032219e-06 2.78526873745e-05 2.75437501914e-05
0.00028910556952 1.82380119776e-06 5.14467388001e-05 3.81280508989e-05 0.000334700535009 1.37879354267e-06 2.51929492106e-05 2.57971738765e-05
0.00027649574366 1.78358369112e-06 4.92666785416e-05 3.65254921529e-05 0.000321080107447 1.3504476337e-06 2.45944970164e-05 2.51381079707e-05
0.000266727730746 1.75179528261e-06 4.75549065321e-05 3.52510952732e-05 0.0003133497486 1.33409184889e-06 2.34087360116e-05 2.43500457841e-05
0.000260641418812 1.73169332526e-06 4.69948764916e-05 3.47524784285e-05 0.000303381503205 1.31270038682e-06 2.3716949034e-05 2.40248888362e-05
0.000250010507229 1.69600995877e-06 4.52787059404e-05 3.34649715682e-05 0.000292430634918 1.28879104164e-06 2.06335452636e-05 2.19394638043e-05
0.000243924195296 1.67523874144e-06 4.45009468472e-05 3.28775043274e-05 0.000282223832312 1.26609976076e-06 2.07277845842e-05 2.16834753609e-05
0.000233995107963 1.64078869992e-06 4.26933393361e-05 3.15403023604e-05 0.000269273632507 1.23671039713e-06 2.12878024831e-05 2.16578549301e-05
0.000224307632257 1.6064650923e-06 4.13384862433e-05 3.04755291235e-05 0.000267120947006 1.23175709809e-06 2.03735559807e-05 2.12649602857e-05
0.000216069826312 1.57669005699e-06 3.98639958099e-05 2.93991835547e-05 0.00025580656234 1.20538825267e-06 2.05548097937e-05 2.07837276644e-05
0.000209684376174 1.55321760129e-06 3.88378758999e-05 2.86444195212e-05 0.000246968617543 1.18438257382e-06 1.88296728931e-05 1.9586870334e-05
0.000204449457592 1.53370646693e-06 3.81638209269e-05 2.80983992353e-05 0.000237926194365 1.16249812673e-06 1.77904777296e-05 1.87273625434e-05
0.000196844444003 1.50491110883e-06 3.6705974803e-05 2.70430055746e-05 0.000229979995217 1.14292089399e-06 1.70208474154e-05 1.8092573347e-05
0.000188434058325 1.47241071181e-06 3.51262107982e-05 2.58726766562e-05 0.000224447757808 1.12909057677e-06 1.78224543185e-05 1.83567636229e-05
0.000188664164636 1.47330945492e-06 3.56477677069e-05 2.6185905337e-05 0.000218654246361 1.11442311915e-06 1.84611971719e-05 1.84470233679e-05
0.000178689056041 1.43383192104e-06 3.38969090161e-05 2.48903747715e-05 0.000216291398156 1.10838535325e-06 1.79517238618e-05 1.82567683884e-05
0.000172476185636 1.40868482749e-06 3.28869955964e-05 2.41154985967e-05 0.000205766518642 1.08108172087e-06 1.74553020679e-05 1.76334532284e-05
0.000167655458415 1.38885886802e-06 3.21974504882e-05 2.3610023594e-05 0.000194253328326 1.05040169935e-06 1.4913882319e-05 1.57135712462e-05
0.000163847198962 1.37299443863e-06 3.13834200492e-05 2.30193162537e-05 0.000192793591382 1.04644758833e-06 1.62643598965e-05 1.64573993163e-05
0.000157381211615 1.34563015114e-06 3.04916746399e-05 2.23251112262e-05 0.00018556873621 1.02665280068e-06 1.38350678775e-05 1.48173438223e-05
0.00015321628738 1.32770544023e-06 2.97540313228e-05 2.17567614027e-05 0.000179979695143 1.01107401718e-06 1.43204165637e-05 1.50849267356e-05
0.000147751262487 1.30381168121e-06 2.88187627485e-05 2.10694659712e-05 0.000175452801569 9.9827766178e-07 1.47468237308e-05 1.50250323854e-05
0.000144012034928 1.28720779481e-06 2.7839977314e-05 2.0410011977e-05 0.000168989055076 9.79716663656e-07 1.44402889204e-05 1.46383967716e-05
0.000141032158197 1.27382082134e-06 2.76144523941e-05 2.01908934333e-05 0.000160525975308 9.54869169506e-07 1.16034448435e-05 1.28145080245e-05
0.000135728207721 1.24963829203e-06 2.67568341285e-05 1.95330920993e-05 0.000158509600128 9.48853129213e-07 1.23935879446e-05 1.30871291544e-05
0.000131022533655 1.22778483288e-06 2.59594544029e-05 1.89208582845e-05 0.000154391659 9.36446842916e-07 1.53699386923e-05 1.48880349438e-05
0.000125407939659 1.20119020981e-06 2.47345035616e-05 1.80651686354e-05 0.000151324502505 9.2709842402e-07 1.23081821102e-05 1.29424857751e-05
0.000122945802129 1.18934025867e-06 2.44890085601e-05 1.78517442772e-05 0.000143912205822 9.04107421433e-07 1.08610836464e-05 1.18357331975e-05
0.000119770335033 1.1738805305e-06 2.37752343417e-05 1.73439827195e-05 0.000139248989145 8.89338809694e-07 9.71683929882e-06 1.10312563973e-05
0.000114213267615 1.14632442425e-06 2.2838470252e-05 1.66347174665e-05 0.000135238965764 8.76439905079e-07 1.02612271977e-05 1.11757580718e-05
0.000111935215133 1.13483477782e-06 2.23710917612e-05 1.6305437551e-05 0.000132177487709 8.66462895979e-07 1.03647289272e-05 1.11579446767e-05
0.000109093402188 1.12033656472e-06 2.19175872421e-05 1.59621710662e-05 0.000129133048954 8.56426162757e-07 1.12326264882e-05 1.15025551944e-05
0.000105538259679 1.10193057031e-06 2.12487419594e-05 1.54630144704e-05 0.000124401673829 8.40590227179e-07 9.44909353081e-06 1.03483355379e-05
0.000101396346075 1.08009118075e-06 2.05601356491e-05 1.49468937382e-05 0.000119931574382 8.25349688986e-07 9.91722134617e-06 1.04089066791e-05
9.9072272331e-05 1.0676412117e-06 2.00588481294e-05 1.45783688252e-05 0.000117937921741 8.18460944394e-07 1.04084873511e-05 1.06386587374e-05
9.53330447723e-05 1.04729974882e-06 1.94302056646e-05 1.41267430986e-05 0.000114904842648 8.07867972261e-07 9.27330672654e-06 9.88848128493e-06
9.20310192052e-05 1.02900238957e-06 1.89500778401e-05 1.37364953881e-05 0.000112081921427 7.97882628162e-07 9.78922279711e-06 1.00654595223e-05
8.98104933011e-05 1.01651269863e-06 1.82913963979e-05 1.32939449502e-05 0.000105714727398 7.74888065824e-07 8.91121196469e-06 9.35817618924e-06
8.71987866678e-05 1.00162346094e-06 1.78767635988e-05 1.29783940747e-05 0.000104709381224 7.71194675042e-07 8.93444779314e-06 9.37464109817e-06
8.41153620964e-05 9.83754941431e-07 1.74535566699e-05 1.264355294e-05 0.000101988698114 7.61109687418e-07 8.60065315952e-06 9.03448634526e-06
8.2803756122e-05 9.76054990335e-07 1.70246692993e-05 1.23631450858e-05 9.85807442198e-05 7.48285400124e-07 7.46394124132e-06 8.33280375136e-06
8.08938737382e-05 9.64732887716e-07 1.68693177823e-05 1.21938922998e-05 9.43208018496e-05 7.319391332e-07 6.89040353922e-06 7.85512166498e-06
7.78104491667e-05 9.46167940656e-07 1.60766868478e-05 1.16670778185e-05 9.25827456161e-05 7.25164029924e-07 7.25127245209e-06 7.93289046172e-06
7.59811039919e-05 9.3497945347e-07 1.58079248777e-05 1.14417660207e-05 9.15489995042e-05 7.21104202778e-07 7.51815926375e-06 8.11961948396e-06
7.63722847211e-05 9.37383185332e-07 1.57541345984e-05 1.14424992089e-05 9.11457250248e-05 7.19514213603e-07 8.26387706552e-06 8.50348592371e-06
7.1931232913e-05 9.09720579986e-07 1.51727982497e-05 1.0966840445e-05 8.67778640546e-05 7.02062382236e-07 7.36865165636e-06 7.81621413853e-06
7.07116694631e-05 9.01975648954e-07 1.49443386864e-05 1.07844716382e-05 8.30177550181e-05 6.86683667122e-07 6.39732267787e-06 7.18896931254e-06
6.85716807679e-05 8.88222284152e-07 1.44685516285e-05 1.04563623462e-05 8.11831398855e-05 6.79053743075e-07 6.51952324814e-06 7.10838583999e-06
6.80884575142e-05 8.85087108731e-07 1.4426617401e-05 1.04261795975e-05 7.95075625523e-05 6.72009550138e-07 6.31534193068e-06 6.98154684159e-06
6.4602346898e-05 8.62131305143e-07 1.37478161641e-05 9.92382809971e-06 7.62984059354e-05 6.58307733743e-07 6.45634918353e-06 6.84891516188e-06
6.18410711624e-05 8.43505209591e-07 1.31212165321e-05 9.47089569138e-06 7.40945958557e-05 6.48730761563e-07 6.2793492606e-06 6.72009357017e-06
6.19216083713e-05 8.44054290085e-07 1.32959611573e-05 9.58320555781e-06 7.28961319765e-05 6.43462833215e-07 6.58406136881e-06 6.78248252623e-06
5.904527948e-05 8.24217552013e-07 1.27075875179e-05 9.1460839916e-06 7.09195186757e-05 6.34678978563e-07 6.2830746444e-06 6.55121996254e-06
5.73424927764e-05 8.122459447e-07 1.23069768826e-05 8.86920056831e-06 6.85907501746e-05 6.2417159472e-07 5.35328360306e-06 5.97943525452e-06
5.46502489342e-05 7.92949153287e-07 1.17413966562e-05 8.46836370019e-06 6.788643988e-05 6.20958736397e-07 5.7627947437e-06 6.19191363331e-06
5.5156482819e-05 7.96613294073e-07 1.17409291515e-05 8.47782955557e-06 6.611998375e-05 6.12826579931e-07 5.83754425327e-06 6.099250951e-06
5.46042276719e-05 7.92615209641e-07 1.1714113275e-05 8.4559233436e-06 6.21156379055e-05 5.93979831536e-07 1.83998523979e-06 3.90911707859e-06
5.07154310109e-05 7.63869778038e-07 1.10741841184e-05 7.96247775903e-06 6.19452403175e-05 5.93164560363e-07 5.78894335908e-06 5.99273609251e-06
5.04968300152e-05 7.62221729132e-07 1.09703788899e-05 7.89909978333e-06 6.00765454674e-05 5.84149083516e-07 5.02026287395e-06 5.4274192451e-06
4.8782537996e-05 7.49171871943e-07 1.06320325978e-05 7.64872864745e-06 5.80715325504e-05 5.74318580783e-07 6.05118060351e-06 5.94507451428e-06
4.77700702263e-05 7.41356683736e-07 1.040744704e-05 7.48066160648e-06 5.78272958998e-05 5.73109576854e-07 5.27335866013e-06 5.47116410323e-06
4.63088951495e-05 7.29930443375e-07 1.01216547432e-05 7.27892941584e-06 5.43398229459e-05 5.55559184896e-07 4.64536397608e-06 5.01442787433e-06
4.57681453179e-05 7.25656223505e-07 1.00711325372e-05 7.23163111491e-06 5.56859649334e-05 5.62398428253e-07 5.12886203793e-06 5.33611024324e-06
4.39848214053e-05 7.11378415713e-07 9.6090707476e-06 6.91608027968e-06 5.35389538312e-05 5.51450027817e-07 4.35313125629e-06 4.81464632482e-06
4.15111785589e-05 6.91085529293e-07 9.11547233612e-06 6.55768957302e-06 5.09886682929e-05 5.3815583901e-07 3.59521837793e-06 4.36818745414e-06
4.17067689235e-05 6.9271172768e-07 9.37794040663e-06 6.71087837731e-06 5.09318690513e-05 5.37856013888e-07 3.47171962899e-06 4.3357174707e-06
4.03721523179e-05 6.81538225237e-07 8.93761557108e-06 6.40625957997e-06 4.89438960491e-05 5.27254737645e-07 3.87455563815e-06 4.34929201912e-06
3.99004343797e-05 6.77544897939e-07 8.83995366086e-06 6.34281924156e-06 4.68139247802e-05 5.15654423768e-07 3.18995245959e-06 3.97075781742e-06
3.89800091345e-05 6.69684482292e-07 8.74847666023e-06 6.26058063971e-06 4.6297051737e-05 5.1279984924e-07 4.11769895654e-06 4.39307739278e-06
3.8174637045e-05 6.62730145523e-07 8.5495129543e-06 6.11646858343e-06 4.62743320255e-05 5.12674008565e-07 4.10404618526e-06 4.46688468533e-06
3.59195951942e-05 6.42857898512e-07 7.91608270838e-06 5.68754492616e-06 4.35990881706e-05 4.97633860648e-07 3.39972851871e-06 3.97980658248e-06
3.55054038339e-05 6.39140732057e-07 7.98559827016e-06 5.7166749592e-06 4.40705217049e-05 5.00317064484e-07 3.85648259873e-06 4.15275212581e-06
3.3940680917e-05 6.24898587328e-07 7.69051479078e-06 5.49693012927e-06 4.26335011616e-05 4.92092469806e-07 4.08978265307e-06 4.23295743328e-06
3.45849785887e-05 6.30801943937e-07 7.7963339954e-06 5.57190971275e-06 4.17531130855e-05 4.86985073996e-07 3.41836732161e-06 3.87470771824e-06
3.25715483648e-05 6.12164963372e-07 7.41996494844e-06 5.29994498523e-06 3.95663426516e-05 4.74060939293e-07 3.40289481511e-06 3.71843561938e-06
3.34229417166e-05 6.20114095601e-07 7.53106290967e-06 5.39148271604e-06 3.93334657766e-05 4.72663782475e-07 3.72342855615e-06 3.86974297989e-06
3.08112350833e-05 5.95393132799e-07 7.00348425014e-06 5.00475833412e-06 3.8010043696e-05 4.64644074133e-07 3.45735896698e-06 3.68341423331e-06
2.95916716334e-05 5.83490805618e-07 6.73434723618e-06 4.81024882361e-06 3.84417178573e-05 4.67275070702e-07 3.53345070332e-06 3.77573324571e-06
3.13634902304e-05 6.00705295735e-07 7.08983065091e-06 5.07002581587e-06 3.55676767105e-05 4.49468195392e-07 2.71921032497e-06 3.18716221604e-06
2.94881237933e-05 5.82469028932e-07 6.73628099908e-06 4.80370405438e-06 3.55392770515e-05 4.49288716241e-07 3.01957164835e-06 3.30505983363e-06
2.79924327699e-05 5.67504865576e-07 6.31556608075e-06 4.52280572428e-06 3.65105438799e-05 4.55386727204e-07 3.38050346789e-06 3.62813350975e-06
2.88438261217e-05 5.76070587372e-07 6.61388102036e-06 4.71754789134e-06 3.34093059365e-05 4.35617123945e-07 2.59645844719e-06 3.034729496e-06
2.64392151686e-05 5.51535596139e-07 6.00047273062e-06 4.29293424466e-06 3.35115444389e-05 4.36283147579e-07 2.94897882978e-06 3.19866988149e-06
2.73941563605e-05 5.61407528955e-07 6.25612738313e-06 4.4679398607e-06 3.2239241751e-05 4.27921025336e-07 2.63891463725e-06 2.96871732357e-06
2.65542683242e-05 5.52734327386e-07 6.20733482322e-06 4.4157780355e-06 3.11430165793e-05 4.20582844602e-07 2.27774126917e-06 2.80047460383e-06
2.55187899234e-05 5.41850284588e-07 5.83229837712e-06 4.17206944747e-06 3.02967079994e-05 4.14828833744e-07 2.46782023182e-06 2.7988378169e-06
2.47824497272e-05 5.33975565534e-07 5.77805988428e-06 4.1126220257e-06 2.98934333157e-05 4.12058723118e-07 2.8410949534e-06 2.96468472813e-06
2.41956786334e-05 5.27616260163e-07 5.72566341024e-06 4.06267968937e-06 2.97514353487e-05 4.11078890716e-07 2.57022927661e-06 2.83228228041e-06
2.44948168381e-05 5.30867777729e-07 5.70216487533e-06 4.05392347844e-06 2.87290491932e-05 4.03953932603e-07 2.59005001149e-06 2.78869805606e-06
2.27920301344e-05 5.12083488375e-07 5.38838569858e-06 3.82326689438e-06 2.83939336956e-05 4.01591022325e-07 2.45624827246e-06 2.74911574119e-06
2.21477324628e-05 5.04793671747e-07 5.25105038165e-06 3.7246085644e-06 2.65593185818e-05 3.88400407721e-07 1.81163860638e-06 2.29494426034e-06
2.23088068807e-05 5.06625959701e-07 5.17183734008e-06 3.68193473758e-06 2.7008032543e-05 3.916676368e-07 2.26618030509e-06 2.60662316413e-06
2.08591371195e-05 4.8988871693e-07 4.85423108723e-06 3.45355619102e-06 2.47644628863e-05 3.75046976277e-07 1.91937194028e-06 2.26503187632e-06
2.15724666845e-05 4.98194777896e-07 5.1682124532e-06 3.65765178243e-06 2.40431127373e-05 3.69544343106e-07 1.95226885933e-06 2.26766708199e-06
2.01227969233e-05 4.81164346825e-07 4.76214675262e-06 3.381750392e-06 2.36057585593e-05 3.66167834276e-07 7.39642539726e-07 1.54529177008e-06
1.96165630385e-05 4.75073413338e-07 4.65642821548e-06 3.30351505654e-06 2.47928624712e-05 3.75261964098e-07 2.22166354304e-06 2.43815531442e-06
1.95590364607e-05 4.74376313309e-07 4.55544757467e-06 3.24524916659e-06 2.33956014219e-05 3.6453423238e-07 1.76758513459e-06 2.13034771664e-06
1.92023716781e-05 4.70031217852e-07 4.4842853295e-06 3.19001064204e-06 2.33672018256e-05 3.64312913803e-07 2.15734089197e-06 2.36469813592e-06
1.86156005843e-05 4.62794078567e-07 4.4317150164e-06 3.14281283045e-06 2.25833724585e-05 3.58150539232e-07 2.1587577413e-06 2.31265978311e-06
1.86846324777e-05 4.63651369969e-07 4.46008670988e-06 3.16081258561e-06 2.18052229732e-05 3.51926099343e-07 1.69391398858e-06 2.02270724196e-06
1.80403348061e-05 4.55587252723e-07 4.39140409686e-06 3.10375487155e-06 2.14871472946e-05 3.49349873465e-07 1.41376618476e-06 1.87149968141e-06
1.72579733476e-05 4.45598955765e-07 4.04954013742e-06 2.8768243632e-06 2.08964352997e-05 3.445143472e-07 1.65335343555e-06 1.94832204254e-06
1.6349053418e-05 4.33706143333e-07 3.93510209967e-06 2.78877323114e-06 2.002172719e-05 3.37226720323e-07 1.3794546709e-06 1.78868827041e-06
1.69818457741e-05 4.42019789725e-07 4.06071839737e-06 2.87765286959e-06 2.11293121409e-05 3.46428719858e-07 2.21940709368e-06 2.26351561135e-06
1.7142920192e-05 4.44111142076e-07 4.11390131203e-06 2.90952559392e-06 1.91924584626e-05 3.30169166573e-07 1.78743123059e-06 1.93059108612e-06
1.65216331515e-05 4.35989223558e-07 3.95980908684e-06 2.80277957559e-06 1.91015797547e-05 3.29386543188e-07 1.67377599355e-06 1.90285460026e-06
1.62800215246e-05 4.32789538976e-07 3.87236576161e-06 2.74233830655e-06 1.81019133123e-05 3.20651627857e-07 1.33724184199e-06 1.66646256685e-06
1.52100271771e-05 4.18325426463e-07 3.63128798485e-06 2.57844746648e-06 1.76929588374e-05 3.17008890114e-07 1.42670570084e-06 1.67190042409e-06
1.49569102346e-05 4.14830052103e-07 3.62049595786e-06 2.56402426701e-06 1.82495912068e-05 3.21956930239e-07 1.67250748858e-06 1.82898392756e-06
1.5025942128e-05 4.15786250188e-07 3.60985294249e-06 2.55931294309e-06 1.80167144234e-05 3.19896144193e-07 1.73126456046e-06 1.86328882984e-06
1.42550859851e-05 4.04980570727e-07 3.53223665191e-06 2.48432695341e-06 1.77838375952e-05 3.17821995307e-07 1.67717996139e-06 1.78924275856e-06
1.33806820022e-05 3.92363312392e-07 3.27968209545e-06 2.31585953843e-06 1.73124039693e-05 3.1358111217e-07 1.83929388013e-06 1.88186608101e-06
1.34957351579e-05 3.94046560414e-07 3.23521748902e-06 2.2930712303e-06 1.62332186057e-05 3.03650167426e-07 1.37112748812e-06 1.57982345983e-06
1.40364849894e-05 4.01863396228e-07 3.43347299679e-06 2.42503690744e-06 1.56311468143e-05 2.9796594273e-07 1.1992490778e-06 1.47770506468e-06
1.32886394777e-05 3.91011496789e-07 3.23022167007e-06 2.28033514539e-06 1.64888151639e-05 3.06031359634e-07 1.6733132339e-06 1.77079389375e-06
1.24832673881e-05 3.78977480312e-07 3.09262991321e-06 2.18291639943e-06 1.5875383492e-05 3.00284778978e-07 1.54355944466e-06 1.65118981481e-06
1.35302511045e-05 3.94550134498e-07 3.28332642188e-06 2.32171845058e-06 1.55175483233e-05 2.96881242535e-07 1.38760113629e-06 1.57067725108e-06
1.25753099126e-05 3.80372066369e-07 3.15853233863e-06 2.21995061176e-06 1.44838024653e-05 2.86822028479e-07 7.55690367887e-07 1.18980096201e-06
1.21611185523e-05 3.74055485949e-07 2.99995495706e-06 2.11879370879e-06 1.49268364018e-05 2.9117567608e-07 1.21106885416e-06 1.46367571865e-06
1.15628421429e-05 3.64738464771e-07 2.87432945167e-06 2.02214545168e-06 1.45519615167e-05 2.87496111356e-07 1.34834688606e-06 1.49417514348e-06
1.16894006141e-05 3.66729113696e-07 2.89691534695e-06 2.04169985484e-06 1.43361244258e-05 2.85356051087e-07 1.55812297996e-06 1.58480195238e-06
1.14477889873e-05 3.62919308967e-07 2.79105571639e-06 1.97179811508e-06 1.36374939286e-05 2.78316202625e-07 1.19691120906e-06 1.37601776892e-06
1.07919860001e-05 3.52370833788e-07 2.61221885453e-06 1.85256292481e-06 1.37908518724e-05 2.7987670515e-07 1.40458816606e-06 1.46207274967e-06
1.09990816802e-05 3.5573572446e-07 2.70137363264e-06 1.90815280236e-06 1.36318140404e-05 2.78258238896e-07 1.44000699907e-06 1.48481722785e-06
1.04468265331e-05 3.46690115113e-07 2.62196081492e-06 1.84092267585e-06 1.28423047756e-05 2.70080165626e-07 1.22740227003e-06 1.32902026146e-06
9.41134813224e-06 3.29060070738e-07 2.35557306647e-06 1.6571013995e-06 1.32739789079e-05 2.7458181223e-07 1.25477176545e-06 1.36576556373e-06
9.7565075992e-06 3.35039846499e-07 2.43360617132e-06 1.71446537718e-06 1.2115274698e-05 2.62323886411e-07 9.79947778858e-07 1.17620495979e-06
1.03777946397e-05 3.45542764647e-07 2.61041245025e-06 1.83291844978e-06 1.16722406997e-05 2.57482858383e-07 9.29792574431e-07 1.10439239254e-06
1.01476883284e-05 3.41690439542e-07 2.50642368654e-06 1.76796635903e-06 1.13655249064e-05 2.54077351506e-07 8.67756122027e-07 1.0703598623e-06
1.00326351728e-05 3.39747897141e-07 2.49722801589e-06 1.75511974766e-06 1.14677634992e-05 2.55217569463e-07 9.61311930349e-07 1.13199261029e-06
9.51489597233e-06 3.3086535136e-07 2.42578756186e-06 1.7018279294e-06 1.15756820403e-05 2.56415632889e-07 1.2014972116e-06 1.25530402819e-06
9.42285344781e-06 3.29261146266e-07 2.37997735031e-06 1.67449315869e-06 1.11837673506e-05 2.52037559731e-07 1.24865717698e-06 1.26353046544e-06
8.69801856721e-06 3.16343876828e-07 2.11805503464e-06 1.49984933485e-06 1.08145724106e-05 2.4784255687e-07 6.99225636692e-07 9.54776523431e-07
9.13522055868e-06 3.24196846506e-07 2.25730313103e-06 1.59235205843e-06 1.12632862959e-05 2.529319931e-07 1.10481246951e-06 1.19109825465e-06
8.46791225591e-06 3.1213138689e-07 2.13034268435e-06 1.50024652483e-06 1.10644890138e-05 2.50689928016e-07 1.22238927272e-06 1.25006667471e-06
8.52543883373e-06 3.13189821215e-07 2.15713125412e-06 1.51603919039e-06 9.91146473377e-06 2.37268521692e-07 8.35045936519e-07 9.81142068278e-07
8.87059830069e-06 3.19466794363e-07 2.24495961492e-06 1.57922132441e-06 9.79218633766e-06 2.35836509485e-07 6.85892785875e-07 9.05532322759e-07
7.97318368661e-06 3.02876203048e-07 2.04827100145e-06 1.43379891936e-06 1.01329816964e-05 2.39905294817e-07 1.12756866159e-06 1.13487689181e-06
8.5369441493e-06 3.13401079129e-07 2.15093817314e-06 1.51189727473e-06 1.06896140709e-05 2.4640653209e-07 1.07102501744e-06 1.14187685869e-06
7.65103485079e-06 2.96694405673e-07 1.9538542436e-06 1.36856011433e-06 9.28667325795e-06 2.2966842234e-07 7.93454392077e-07 9.24043199824e-07
7.777593322e-06 2.99138204692e-07 1.98691140294e-06 1.39103970961e-06 9.21851419713e-06 2.28824050504e-07 9.17551438515e-07 9.99368861998e-07
7.42092853948e-06 2.92198775892e-07 1.84610119576e-06 1.30447727771e-06 9.28667325677e-06 2.29668422311e-07 8.8229036461e-07 9.85528351607e-07
7.5820029574e-06 2.95352901865e-07 1.92730040074e-06 1.35406452908e-06 8.92315818729e-06 2.25128511338e-07 7.13245212031e-07 8.76773368368e-07
7.00673717914e-06 2.83927318741e-07 1.78792258392e-06 1.25433052331e-06 8.46876440594e-06 2.19321511167e-07 7.49909875296e-07 8.69099826693e-07
7.02974781027e-06 2.84393155509e-07 1.79578861172e-06 1.26042501021e-06 8.75844043996e-06 2.23040943791e-07 5.86494001434e-07 8.27062640947e-07
7.14480096592e-06 2.8671098647e-07 1.8126321927e-06 1.27486743601e-06 8.68460147521e-06 2.22098768947e-07 6.92065483488e-07 8.53588880318e-07
6.68458834332e-06 2.77323454314e-07 1.71490247922e-06 1.20253817399e-06 8.2529273461e-06 2.16508631376e-07 6.21125679705e-07 7.8796304982e-07
0.000408392681298 2.16764542138e-06 0.000111853183044 7.75807580512e-05 0.000507352791186 1.69756328038e-06 5.07408704889e-05 5.72072699727e-05
